1000101000010100110011011111001111111110100010100101110100010
0101101011001110001001101000110010110110110100011110011110110100100111110
1111000110010111110 1111101100010001001111111 100000110101101111011000001101000010110111101 11110100001010101 11111100101100111101 100010010011 0101000111100011 100001001100000101011 111000010110010101 1011111010110000010 1110010001010100001010000111101 10111100 111001100001010101 1011111010110000010 1001011111101 111001000101010000101000011110111101011 10001111110111101 1110011000010 1011111010111101011
 1111101100010001001111111 1000001101000010110111101 10111100 1010000011 00010010011011010010111001001101110011011 001101101001011100100111101 11001001 0111000101001111101 0100101100101101110010011101110010101011 010010111100010010101011 101011000111110 111011000111100011 10111100 0101000111100011 111101000101111101 1011111010110000010 0100110000010011100110111101 100010010011 110010111110101100101101 
00111100 100111001011111010001101 011110111011000111110 11110100001010101 0011000110110100110100011011101 101111101011 0001101110101000011 110011100 00010010011011010010111001001101110011011 010100011100011 100010010011 01010001111000001001111111 1100010001011 110011100 1110010001010110101000010100001111011110010001010100001010000111101 1110011000010 1000 010111001001111111 101100010101011






